3.745401188473625 8.465140136278404
9.50714306409916 22.64278079338887
7.319939418114051 15.823830685185678
5.986584841970366 12.148562281270149
1.5601864044243652 9.051670346691838
1.5599452033620265 5.668337805750982
0.5808361216819946 4.296728652739837
8.661761457749352 17.47402654307179
6.011150117432088 13.93353478581381
7.080725777960454 17.38329673534064
0.20584494295802447 1.1097027310714433
9.699098521619943 23.14959307993123
8.324426408004218 18.447575436170826
2.1233911067827616 6.6633947139789695
1.8182496720710062 5.433086119683218
1.8340450985343382 10.372646566086551
3.0424224295953772 9.057850409714886
5.247564316322379 11.379706774732956
4.319450186421157 13.283990197048693
2.9122914019804194 6.382895504018794
