3.745401188473625 -9.765820029741224
9.50714306409916 28.2992327801038
7.319939418114051 -0.5206026741961196
5.986584841970366 -13.272904342765099
1.5601864044243652 35.43334818727981
1.5599452033620265 1.6043643969933399
0.5808361216819946 5.5122363371224665
8.661761457749352 -8.17144080877043
6.011150117432088 4.1346457443605225
7.080725777960454 19.37990335011823
0.20584494295802447 -19.608181662530008
9.699098521619943 29.912157410153327
8.324426408004218 7.636079017632337
2.1233911067827616 1.4129072176999875
1.8182496720710062 -5.3976329004459265
1.8340450985343382 43.71365388724743
3.0424224295953772 8.814900364432075
5.247564316322379 -7.659089946473252
4.319450186421157 28.089798614906094
2.9122914019804194 -15.592290195459606
